
  0.90
  1.04	   0.05	   1.05	   0.90
  0.90
  1.04	   0.05	   1.05	   0.90
  0.90
  1.04	   0.05	   1.05	   0.90
  0.90
  1.04	   0.05	   1.05	   0.90
  0.90
  1.04	   0.05	   1.05	   0.90
  0.90
  1.04	   0.05	   1.05	   0.90
  0.90
  1.04	   0.05	   1.05	   0.90
  0.90
  1.04	   0.05	   1.05	   0.90
  0.90
  1.04	   0.05	   1.05	   0.90
  0.90
  1.04	   0.05	   1.05	   0.90
  0.90
  1.04	   0.05	   1.05	   0.90
  0.90
  1.04	   0.05	   1.05	   0.90
  0.90
  1.04	   0.05	   1.05	   0.90
  0.90
  1.04	   0.05	   1.05	   0.90
  0.90
  1.04	   0.05	   1.05	   0.90
  0.90
  1.04	   0.05	   1.05	   0.90
  0.90
  1.04	   0.05	   1.05	   0.90
  0.90
  1.04	   0.05	   1.05	   0.90
  0.90
  1.04	   0.05	   1.05	   0.90
  0.90
  1.04	   0.05	   1.05	   0.90
  0.90
  1.04	   0.05	   1.05	   0.90